0.27658925
0.56389050
0.12665181
0.65739921
0.03250221
0.75002289
0.64354381
0.96325571
0.41911069
0.14856410
0.03454695
0.08896146
0.57972961
0.36368908
0.82064272
0.61391034
0.92260506
0.95300150
0.05371258
0.91537217
0.50148015
0.56208991
0.15784173
0.84368419
0.57673879
0.07834101
0.01034577
0.25736259
0.70427564
0.58610797
0.44438002
0.70491653
0.58958708
0.99765007
0.00766015
0.74254585
0.09503464
0.67567980
0.12070070
0.94375439
0.45747246
0.59776605
0.68959624
0.90578936
0.32612079
0.34836879
0.29154332
0.31293680
0.82494583
0.55647450
0.54713584
0.66878262
0.96227912
0.64207892
0.37980285
0.15201270
0.98181097
0.89465011
0.19016083
0.34681234
0.19040498
0.10641804
0.91848506
0.52430799
0.89288003
0.65150914
0.84994049
0.80312510
0.84603412
0.17264321
0.81530198
0.75014496
0.49385052
0.39020966
0.14059877
0.13003937
0.93038728
0.85775323
0.96200446
0.91781365
0.43549913
0.57774590
0.25074007
0.41050447
0.54277169
0.52287362
0.00814844
0.34119694
0.63753166
0.86425367
0.47172460
0.05383465
0.87942137
0.43559069
0.23841060
0.43928343
0.37720878
0.04116947
0.62990204
0.18033387
0.22528764
0.75530259
0.57347331
0.80217902
0.29255043
0.99459822
0.38407544
0.23661000
0.85857723
0.20664083
0.37199011
0.48603778
0.86977752
0.25901059
0.52778710
0.68117313
0.79616688
0.47962889
0.14795373
0.93069246
0.11972411
0.44599750
0.98220771
0.87322611
0.12033448
0.83776360
0.27881710
0.55275124
0.26169622
0.78237251
0.65892514
0.82964568
0.68639180
0.39848018
0.66985076
0.28608051
0.51222266
0.21347697
0.10333567
0.00354015
0.07251198
0.31186865
0.66261788
0.70366527
0.39341411
0.17889950
0.22879727
0.82232124
0.80587176
0.42213202
0.93655202
0.70067446
0.55699332
0.37617115
0.39356670
0.77556688
0.96771142
0.31171606
0.20526749
0.46891690
0.43433943
0.21048616
0.97161779
0.01696829
0.73726615
0.47831660
0.45103305
0.82522050
0.57469405
0.02365184
0.89419233
0.82430494
0.08349864
0.04498428
0.72167119
0.39240699
0.58833583
0.08474990
0.72536393
0.12076174
0.85094760
0.02771081
0.97076327
0.72762230
0.43827631
0.54786828
0.41611988
0.00143437
0.54918058
0.10449538
0.73073519
0.48438978
0.59819330
0.10242012
0.86782434
0.35636464
0.93264565
0.99188208
0.70146794
0.58876308
0.52565081
0.88280892
0.61403241
0.08789331
0.88039796
0.76027711
0.25534837
0.03125095
0.56782739
0.88286996
0.45112461
0.10666219
0.91445662
0.06106754
0.97354045
0.46790979
0.36588641
0.89526048
0.63609729
0.98944060
0.52964873
0.79741813
0.36503189
0.23169652
0.51545763
0.56852931
0.43189795
0.37202063
0.90081484
0.10943937
0.82988983
0.06747642
0.27921384
0.19510483
0.75020600
0.62022767
0.28159429
0.97384564
0.28907132
0.01104770
0.37461470
0.37305826
0.19748527
0.32966094
0.12778100
0.25016022
0.04501480
0.16382336
0.75130467
0.26657918
0.98263497
0.94320505
0.43894772
0.68358409
0.16873684
0.50050356
0.13745537
0.77166051
0.49522385
0.63432722
0.18738365
0.91772210
0.04663228
0.98632771
0.40113529
0.04879910
0.42149113
0.15540025
0.26752525
0.75704215
0.93209632
0.74611652
0.95699942
0.17410810
0.68849757
0.91369366
0.55174413
0.36600848
0.90075381
0.79970702
0.58641316
0.24997711
0.80370495
0.99966430
0.27347636
0.56257820
0.23462630
0.68242439
0.62889492
0.78789636
0.48649556
0.82949309
0.45106357
0.36466567
0.21134068
0.38731040
0.73049104
0.40443129
0.50233467
0.73632008
0.50886563
0.93508713
0.10022279
0.11593982
0.05703909
0.90014344
0.83739738
0.03128147
0.14566485
0.71239357
0.05883969
0.62184515
0.71788690
0.47468490
0.41868343
0.08655049
0.85744804
0.07580798
0.74498733
0.05841243
0.19403668
0.36005737
0.59791864
0.58607746
0.48792993
0.94872890
0.15964232
0.53495895
0.14273507
0.59913938
0.74236274
0.98519852
0.31925413
0.92757958
0.79396954
0.41895810
0.76210822
0.97900327
0.00695822
0.37894833
0.06646931
0.82052065
0.33124790
0.84731590
0.73119297
0.30558184
0.30832850
0.21390423
0.37333293
0.90188299
0.16797388
0.46455275
0.00985748
0.30036317
0.65489669
0.08191168
0.13245033
0.33497116
0.10415967
0.00369274
0.78716391
0.11444441
0.65785699
0.71245460
0.43906980
0.70540483
0.98327586
0.80141606
0.51930296
0.19592883
0.31662954
0.90527055
0.70403150
0.95471053
0.93591113
0.99554430
0.82961516
0.48149052
0.60765404
0.16690573
0.36698508
0.13318278
0.64302499
0.42823572
0.64641255
0.41334269
0.11713004
0.19470809
0.86361278
0.88967559
0.04647969
0.54972991
0.74156926
0.44383068
0.87591174
0.73140660
0.70406201
0.35666982
0.97979675
0.39606922
0.01767022
0.47233497
0.78939177
0.47248756
0.21655934
0.15515610
0.33954894
0.86196478
0.91012299
0.45542772
0.80990020
0.09121982
0.32493057
0.46433912
0.44071780
0.54438917
0.89257485
0.35847041
0.89599292
0.74971770
0.78331858
0.18051698
0.09564501
0.89681692
0.60344249
0.03128147
0.34070864
0.37098300
0.23227638
0.26584674
0.21189001
0.49971007
0.67644276
0.03753777
0.56526383
0.75341044
0.84975738
0.87560656
0.18851283
0.82790613
0.75496689
0.65550707
0.18826868
0.77211829
0.11084323
0.10980560
0.05825983
0.60158086
0.86236152
0.60176397
0.10580767
0.93887143
0.37510300
0.77166051
0.63408307
0.24622333
0.38142033
0.82970672
0.87020478
0.54124577
0.01965392
0.78774377
0.81902524
0.54206977
0.97790460
0.72292245
0.08829005
0.08990753
0.41984313
0.58525346
0.54972991
0.48719749
0.72881252
0.21414838
0.51939451
0.83437605
0.62105167
0.12384411
0.65050203
0.24307993
0.82262642
0.73888363
0.47923215
0.50474563
0.63072604
0.94332713
0.66505936
0.89742729
0.27976318
0.56807154
0.85219886
0.86574908
0.72475356
0.87780389
0.21918394
0.16092410
0.22702719
0.22095401
0.69127476
0.63621937
0.88857692
0.48930326
0.98492386
0.40604877
0.52952666
0.15161596
0.41508225
0.74410230
0.43787957
0.47892697
0.72359386
0.40672018
0.11835078
0.54756310
0.19547105
0.79909665
0.72975860
0.32346568
0.61564989
0.22644734
0.15762810
0.64101077
0.44520402
0.91729484
0.18732261
0.66496780
0.45057527
0.02041688
0.56776635
0.66093936
0.71932127
0.95892209
0.78664510
0.17783135
0.31369976
0.48606830
0.57539598
0.70601520
0.90365307
0.57707450
0.09027375
0.83986938
0.69057283
0.37354656
0.48368786
0.35749382
0.52949614
0.45329142
0.95596179
0.85924863
0.37983337
0.32218390
0.09015168
0.85085604
0.41398358
0.32575457
0.22183905
0.82625813
0.80397961
0.44044313
0.91909543
0.11206397
0.65788751
0.33719901
0.57454146
0.65587329
0.18866543
0.47889645
0.15530869
0.57948546
0.37153233
0.42014832
0.49916074
0.39155248
0.86724448
0.63524277
0.58290353
0.10995819
0.45530564
0.33762627
0.88241218
0.67091891
0.39146092
0.66365551
0.96496475
0.06280709
0.14078188
0.31290628
0.48020875
0.07904294
0.78157903
0.11438337
0.98196356
0.71446883
0.09662160
0.30405591
0.60634175
0.82921842
0.60512101
0.40238655
0.24112674
0.02264473
0.31412702
0.59855953
0.27570421
0.24433119
0.72243416
0.98370312
0.13339640
0.32844020
0.44114505
0.43702506
0.30179754
0.67647328
0.85662404
0.12631611
0.60597552
0.04467910
0.49974059
0.48634297
0.09402753
0.62642293
0.70366527
0.73455000
0.64803003
0.55360576
0.46424757
0.06421094
0.41514328
0.51728874
0.05594043
0.72872097
0.77013459
0.48210089
0.09637745
0.08517716
0.24085208
0.49104282
0.04092532
0.49369793
0.75902585
0.29297769
0.53642384
0.11590930
0.52729881
0.76494644
0.69115268
0.29709769
0.79522080
0.45985290
0.84401990
0.66350291
0.54063540
0.78603473
0.08056887
0.38941618
0.96798608
0.06253243
0.19418928
0.30082095
0.44798120
0.30829798
0.10959197
0.36924345
0.94976653
0.73769341
0.27558214
0.94082461
0.33677175
0.42481765
0.09869686
0.48023927
0.40278329
0.84218879
0.72856838
0.04464858
0.63124485
0.34336375
0.30460524
0.84536271
0.92504654
0.17673269
0.96584979
0.89938047
0.90423292
0.38947722
0.03909421
0.32419813
0.33860286
0.15787225
0.97210608
0.06253243
0.63579211
0.79439680
0.45585498
0.80742821
0.36991485
0.26548051
0.25403607
0.96386608
0.85811945
0.24866482
0.90749840
0.41593677
0.99453719
0.07327494
0.76171148
0.05676443
0.64796899
0.38401440
0.32566301
0.64925077
0.28077029
0.24854274
0.57618946
0.33420820
0.54795984
0.74794763
0.65532395
0.15121921
0.13879818
0.19873653
0.55018769
0.13348796
0.83245338
0.05786309
0.11178930
0.09765923
0.55650502
0.24341563
0.69023713
0.03860591
0.43501083
0.43354595
0.08056887
0.33823664
0.23697623
0.42612995
0.45695364
0.13415937
0.33072909
0.82470168
0.04980621
0.48792993
0.79699087
0.16809595
0.37015900
0.75130467
0.37345500
0.99957274
0.97827082
0.84786523
0.08743553
0.83748894
0.84771264
0.35630360
0.88479263
0.79204688
0.97170934
0.29853206
0.91854610
0.09421064
0.95150609
0.92757958
0.92251350
0.53251747
0.31269265
0.93145543
0.11053804
0.12668233
0.63319803
0.13687551
0.73683889
0.37403485
0.60231330
0.16122929
0.42124699
0.95712149
0.32029176
0.63844722
0.78316599
0.88418226
0.46168401
0.98361156
0.60957671
0.26340526
0.30686361
0.96310312
0.85686819
0.22809534
0.03457747
0.77166051
0.19928587
0.66438795
0.72774438
0.52162236
0.98632771
0.26364940
0.45600757
0.45838801
0.50718711
0.67824335
0.51997436
0.54634236
0.80849635
0.43632313
0.35871456
0.09100620
0.84569842
0.81447798
0.07229835
0.79366436
0.08609272
0.17633595
0.02362133
0.72438734
0.84890286
0.71486557
0.71309549
0.27091281
0.63496811
0.86129337
0.75701163
0.03122044
0.08899197
0.00634785
0.25067904
0.51564074
0.61653493
0.48118534
0.64278085
0.48792993
0.97390667
0.57979064
0.82848598
0.53752251
0.57686087
0.57197790
0.42179632
0.58479568
0.58268990
0.57039094
0.91216773
0.76342051
0.85644093
0.29459517
0.47193823
0.17142247
0.25034333
0.11172826
0.06225776
0.89635914
0.19293802
0.02966399
0.12970367
0.44840846
0.71309549
0.35172582
0.49952696
0.97503586
0.40229499
0.78743858
0.40467544
0.64793847
0.17114780
0.89245277
0.45130772
0.37314982
0.57799005
0.54319895
0.86181219
0.46424757
0.92358165
0.81264687
0.04522843
0.57173376
0.43421735
0.29248939
0.13739433
0.57628101
0.80809961
0.74422437
0.34220405
0.64815210
0.87740715
0.53279214
0.64088870
0.35364849
0.23264260
0.19858394
0.16910306
0.60298471
0.49162267
0.17633595
0.13855403
0.83065279
0.89065218
0.15741447
0.26889859
0.81075472
0.29694510
0.27417829
0.50752281
0.25763726
0.28299814
0.55812250
0.65294351
0.06878872
0.48680074
0.00970489
0.78688925
0.50502029
0.89907529
0.89068270
0.94009217
0.04770043
0.34296701
0.31015961
0.99795526
0.42616047
0.71926023
0.75469222
0.19870602
0.94253365
0.27652821
0.12399670
0.54435865
0.99795526
0.66850795
0.91842402
0.82909635
0.75869015
0.61281167
0.56669820
0.90762047
0.26917325
0.09042634
0.36872463
0.44373913
0.07644887
0.43159276
0.17276528
0.05969420
0.60377819
0.08096561
0.47248756
0.21774957
0.28046510
0.94717246
0.03540147
0.42350536
0.95620594
0.00769066
0.95754875
0.25727103
0.47236549
0.11651967
0.01507614
0.03024384
0.64799951
0.07559435
0.79384747
0.46916105
0.35831782
0.75826289
0.12363048
0.47877438
0.10751671
0.45411542
0.72777490
0.69582202
0.88595233
0.28250984
0.54930265
0.32432020
0.31971191
0.84435560
0.36970122
0.00503555
0.13763848
0.80907620
0.04773095
0.54866176
0.38630329
0.81701102
0.66893521
0.90780358
0.44001587
0.62532426
0.86501663
0.54469436
0.72270882
0.74596393
0.29902036
0.09973449
0.54261910
0.90780358
0.33918271
0.76091800
0.89043855
0.83773309
0.01684622
0.45683157
0.12915433
0.92788476
0.80843532
0.38981292
0.91491440
0.08093509
0.90197455
0.37607959
0.16367077
0.26984466
0.36933500
0.73674734
0.49775689
0.12756737
0.60814234
0.01455733
0.93792535
0.70186468
0.30329295
0.79253517
0.40171514
0.99090548
0.34604938
0.28678243
0.12421033
0.09280679
0.23108615
0.12158574
0.88824122
0.49452193
0.85378582
0.64180425
0.82934050
0.89800714
0.02816858
0.93240150
0.75182348
0.13165685
0.07138279
0.93694876
0.24042482
0.19043550
0.96142460
0.73705252
0.74297311
0.35859249
0.02822962
0.95702994
0.94213691
0.49165319
0.46394238
0.88918729
0.81502731
0.36567278
0.28788110
0.58110294
0.60631123
0.21756645
0.05850398
0.60206915
0.19196142
0.79586169
0.87267678
0.10882900
0.67696158
0.90951262
0.40730003
0.67983032
0.26334422
0.21759697
0.66527299
0.46369823
0.76140629
0.02325510
0.25104526
0.57664724
0.95199438
0.93328654
0.89907529
0.55067598
0.41239662
0.53010651
0.74663533
0.77028718
0.53505051
0.61986145
0.12048708
0.40162358
0.40052492
0.07824946
0.75167089
0.66551714
0.59358501
0.41065706
0.37330241
0.50456252
0.38908048
0.64915922
0.71864986
0.30603961
0.75389874
0.76790674
0.20737327
0.49433882
0.54991302
0.75377667
0.57621998
0.49671926
0.53550829
0.62562944
0.14935759
0.46461379
0.16943876
0.93908506
0.13940855
0.68547624
0.92635884
0.32801294
0.23450423
0.60017701
0.34266182
0.21390423
0.32563250
0.44215217
0.26474807
0.90929899
0.85912656
0.18204291
0.01202429
0.75920896
0.17944884
0.25113681
0.42600787
0.19974364
0.71532334
0.46656697
0.91613514
0.24915311
0.12585833
0.80037843
0.83169042
0.53166295
0.77727592
0.68980987
0.68196661
0.75569933
0.00915555
0.37766655
0.59382916
0.66728721
0.14551225
0.12717063
0.02282785
0.09424116
0.24088260
0.93191321
0.69609668
0.49708548
0.97964415
0.60423597
0.72637104
0.18619343
0.65569018
0.21076083
0.87667470
0.35264138
0.03885006
0.56877346
0.32557146
0.21085238
0.08221686
0.30198065
0.72710349
0.57643361
0.25806452
0.46494949
0.78786584
0.94412061
0.86617634
0.73543504
0.53456221
0.84350108
0.85882138
0.39744255
0.04293954
0.22348704
0.71456038
0.66441847
0.82226020
0.70888394
0.16495254
0.00534074
0.08761864
0.17160558
0.52388073
0.29084140
0.34476760
0.02835170
0.21256142
0.86959441
0.43430891
0.51466414
0.34147160
0.41459395
0.52998444
0.74156926
0.44666890
0.22949919
0.74932096
0.81810968
0.15286721
0.80510880
0.33213294
0.40897855
0.01901303
0.27881710
0.53321940
0.20645772
0.30271310
0.78551592
0.10812708
0.60219123
0.06921598
0.58125553
0.12085330
0.38813440
0.75930052
0.67891476
0.57597583
0.84969634
0.97854549
0.59031953
0.85708182
0.19412824
0.94030580
0.52427747
0.61229286
0.99475082
0.51438948
0.42793054
0.36045412
0.39661855
0.01571703
0.51966918
0.27314066
0.19833979
0.97158727
0.28336436
0.91116062
0.05783258
0.42228462
0.35544908
0.21637623
0.24951933
0.83111057
0.29639576
0.71022675
0.09427168
0.70863979
0.02471999
0.93697928
0.80495621
0.74803919
0.26209296
0.25376141
0.17825861
0.44679098
0.26230659
0.11130100
0.23328349
0.02084414
0.70180364
0.35328227
0.68352306
0.98287912
0.36869411
0.79665517
0.26905118
0.47236549
0.06256294
0.79897458
0.62034974
0.33802301
0.57997375
0.63234352
0.00241096
0.22837001
0.65092929
0.54673910
0.46494949
0.69283120
0.28614154
0.28391369
0.97094638
0.54371776
0.36521500
0.45490890
0.90661336
0.30881680
0.44358654
0.69832453
0.83315531
0.91717277
0.79601428
0.81997131
0.26679281
0.30719932
0.66945402
0.55739006
0.42503128
0.56013672
0.48701437
0.50227363
0.78792688
0.89126255
0.43772698
0.33591723
0.91491440
0.80181280
0.08056887
0.68987091
0.57213050
0.99526963
0.31412702
0.70232246
0.07217627
0.30408643
0.04721213
0.87896359
0.87536241
0.99893185
0.15066988
0.86950285
0.52552873
0.76354259
0.75945311
0.23392438
0.92846461
0.78560747
0.73522141
0.91372417
0.14886929
0.56770531
0.83123264
0.34611042
0.19385357
0.61696219
0.26087222
0.69869076
0.90997040
0.69582202
0.05963317
0.63219092
0.45381024
0.60536515
0.55580309
0.42454299
0.47791986
0.72859890
0.44209113
0.38319040
0.49284341
0.47560045
0.83120212
0.11041597
0.19644765
0.07385479
0.92947172
0.47886593
0.39197974
0.04129154
0.40641499
0.97952208
0.04663228
0.20728172
0.37058626
0.56508072
0.40797143
0.83837397
0.58015687
0.06176946
0.67735832
0.68013550
0.01089511
0.35526597
0.40977203
0.22022156
0.69530320
0.85528123
0.98571734
0.70256661
0.94473098
0.99090548
0.09427168
0.71614734
0.30100406
0.31806391
0.10904263
0.20456557
0.46290475
0.41657765
0.88842433
0.57133702
0.56749168
0.27332377
0.87301248
0.74758141
0.89104892
0.67644276
0.19568468
0.28626362
0.75896481
0.87566759
0.43760491
0.25888852
0.36436048
0.21655934
0.83938108
0.65825373
0.43159276
0.91863765
0.76464125
0.58775597
0.79390851
0.45475631
0.17505417
0.64769433
0.85207678
0.92254402
0.07577746
0.87673574
0.51927244
0.85082553
0.63173315
0.46613971
0.69188513
0.45231483
0.05471969
0.37498093
0.57444990
0.18927580
0.58565020
0.10876797
0.62440870
0.39237648
0.04751732
0.82360302
0.39756462
0.39664907
0.63484603
0.94793542
0.18778039
0.17569506
0.05664235
0.26877651
0.42255928
0.33011872
0.84377575
0.17166662
0.53175451
0.20102542
0.17575610
0.15775018
0.84633930
0.55775628
0.65181433
0.99746696
0.41541795
0.42698447
0.39350566
0.10428175
0.84008301
0.28760643
0.32480850
0.49021882
0.08597064
0.14670248
0.06595050
0.08496353
0.19287698
0.12161626
0.58940397
0.09649953
0.29020051
0.56575213
0.97891171
0.67046113
0.80239265
0.10122990
0.59611805
0.20288705
0.40601825
0.96914579
0.25675222
0.54039125
0.64275033
0.10705893
0.68745994
0.04678488
0.61983093
0.41993469
0.92806787
0.14572588
0.47035127
0.62520219
0.75292215
0.44178594
0.51442000
0.83486435
0.40467544
0.58412427
0.61204871
0.68663594
0.61812189
0.18906217
0.18478957
0.94140446
0.39890744
0.48136845
0.43769646
0.73668630
0.72414319
0.88030641
0.53324992
0.36631367
0.96203497
0.02420118
0.03704947
0.37299722
0.31058687
0.46751305
0.93270669
0.01721244
0.86169012
0.70885342
0.65538499
0.31687368
0.11389508
0.54423658
0.98355052
0.42030091
0.17572558
0.78893399
0.86501663
0.14572588
0.84704123
0.27585681
0.52586444
0.35532701
0.53599658
0.90258492
0.56797998
0.98522904
0.78945280
0.58635212
0.80611591
0.66023743
0.88497574
0.82793664
0.40046388
0.89226966
0.51527451
0.23499252
0.75258644
0.86352123
0.29819636
0.36341441
0.22989593
0.07181005
0.35718863
0.40119633
0.39686270
0.27933592
0.14972381
0.91817988
0.78261666
0.77608570
0.99307230
0.68901639
0.26282540
0.80108036
0.61253700
0.94418165
0.82302316
0.80849635
0.35245827
0.32590716
0.04678488
0.78548540
0.81182287
0.58153020
0.85174108
0.08722190
0.55323954
0.59334086
0.65013581
0.86074404
0.41404462
0.37665944
0.58989227
0.48649556
0.50907926
0.29401532
0.88277841
0.07492294
0.89663381
0.54139836
0.39783929
0.78081606
0.34147160
0.18170721
0.36002686
0.19397565
0.39466536
0.67485580
0.18079165
0.91146580
0.17551195
0.98196356
0.67564928
0.53767510
0.74605548
0.24301889
0.77095859
0.34858242
0.01403851
0.39326151
0.03320414
0.30265206
0.04474013
0.45109409
0.82525101
0.21018097
0.76052126
0.29074984
0.75637074
0.25043489
0.31199072
0.69747002
0.52855007
0.77718436
0.21320231
0.71053194
0.21076083
0.40607929
0.24851222
0.00204474
0.85363323
0.09710990
0.63289285
0.38355663
0.52427747
0.99282815
0.36198004
0.04513688
0.99734489
0.50352489
0.19223609
0.32496109
0.92220832
0.66441847
0.96697897
0.84258553
0.30738243
0.44627216
0.95388653
0.72698141
0.37885678
0.49946593
0.53532517
0.50001526
0.16595965
0.87832270
0.98355052
0.75301370
0.84713279
0.57118442
0.08209479
0.08099612
0.80205695
0.14249092
0.06497391
0.24555193
0.33100375
0.57588427
0.95794549
0.32206183
0.44987335
0.24042482
0.36133915
0.22055727
0.13486129
0.82726524
0.86400952
0.22101505
0.22324290
0.63209937
0.60798975
0.41801202
0.04052858
0.79094821
0.32499161
0.20447401
0.96935942
0.13971374
0.43552965
0.15610218
0.86623737
0.75908689
0.01956236
0.24161504
0.00280770
0.68825343
0.80974761
0.42408521
0.82518998
0.23780023
0.97958312
0.86309397
0.22934660
0.11777093
0.94683676
0.68617817
0.66069521
0.27451399
0.22904141
0.87844478
0.84304331
0.94763024
0.87121189
0.71468245
0.78279977
0.81307413
0.17944884
0.28943754
0.77733695
0.86541337
0.97311319
0.23111667
0.84548479
0.34440138
0.45319987
0.23908200
0.41465499
0.24030274
0.24274422
0.94131291
0.77416303
0.23651845
0.77282022
0.96932890
0.24564348
0.95324564
0.07089450
0.05108798
0.02816858
0.77901547
0.00576800
0.53416547
0.90475173
0.29737236
0.29725028
0.25708792
0.24954985
0.56538591
0.56630146
0.86837367
0.02557451
0.52912992
0.43247780
0.80401013
0.92928861
0.37470626
0.95367290
0.56917020
0.38053529
0.10843226
0.92147588
0.04229865
0.29450362
0.26950896
0.96874905
0.55986206
0.02273629
0.76946318
0.44486831
0.35218360
0.61232337
0.38853114
0.10126041
0.22092349
0.25913266
0.64571062
0.38511307
0.66362499
0.70912809
0.35560167
0.91402936
0.95742668
0.38474685
0.74117252
0.98718223
0.38453322
0.14102603
0.47306742
0.18070009
0.62169256
0.01107822
0.73604541
0.05117954
0.56248665
0.71007416
0.38435011
0.22330393
0.65950499
0.49418622
0.01788385
0.25391400
0.87557604
0.63008515
0.08053835
0.29279458
0.13397626
0.11481063
0.15833003
0.28928495
0.39680166
0.54252754
0.52467421
0.45509201
0.16592914
0.40452284
0.08044679
0.67360454
0.54408399
0.44093142
0.94985809
0.14105655
0.36866359
0.57597583
0.56114383
0.18027284
0.42210150
0.42670980
0.06607257
0.91509751
0.98928800
0.87020478
0.33622242
0.38731040
0.70632038
0.47880490
0.70430616
0.34199042
0.38917203
0.22702719
0.92059084
0.13943907
0.74834437
0.43784906
0.34995575
0.11236915
0.78664510
0.02282785
0.07623524
0.96707053
0.55085910
0.71810053
0.19797357
0.81142613
0.49571215
0.69524216
0.16306040
0.73140660
0.92303232
0.25782037
0.79427473
0.59218116
0.71391949
0.07452620
0.90957366
0.39179662
0.21280557
0.12363048
0.19363994
0.05435347
0.99664296
0.64479507
0.45258950
0.98385571
0.40009766
0.82882168
0.87697989
0.52284310
0.48017823
0.51185644
0.10650960
0.64110233
0.14822840
0.53999451
0.90545366
0.93368328
0.60142827
0.53938414
0.47624134
0.62334056
0.61723685
0.13306070
0.83870968
0.18039491
0.37299722
0.37730033
0.82717368
0.46806238
0.00958281
0.70241401
0.33588672
0.71074557
0.63859981
0.11575671
0.80117191
0.33872494
0.44486831
0.15530869
0.51619007
0.62544633
0.83989990
0.39551988
0.90289010
0.14426099
0.18539995
0.60393078
0.63994263
0.59385968
0.95635853
0.36219367
0.65416425
0.80681784
0.31937620
0.27948851
0.47776727
0.88555559
0.63054292
0.92706076
0.86999115
0.85067293
0.06027406
0.54200873
0.76281014
0.82360302
0.58400220
0.36368908
0.64241462
0.07675405
0.63783685
0.34559160
0.56532487
0.46858119
0.90438551
0.84554582
0.09622486
0.63081759
0.46433912
0.63957640
0.52497940
0.55696280
0.28235725
0.91317484
0.84578997
0.04583880
0.09634693
0.97946104
0.63921018
0.24069948
0.84307382
0.67726676
0.74459059
0.53205969
0.35865352
0.10428175
0.08749657
0.11786248
0.29828791
0.63142796
0.58772546
0.97933897
0.47560045
0.75072481
0.50733970
0.30692465
0.77459029
0.48393200
0.92156743
0.63219092
0.27539903
0.20148320
0.53248695
0.49479659
0.04873806
0.55394147
0.06006043
0.66197699
0.93127232
0.15103610
0.90136418
0.01422163
0.34138005
0.00259407
0.27146214
0.96295053
0.54176458
0.56114383
0.44666890
0.31070894
0.45387127
0.22330393
0.64799951
0.26517533
0.03369243
0.49687185
0.24048585
0.97906430
0.97204505
0.04049806
0.24756615
0.05096591
0.79378643
0.26664022
0.70873135
0.75609607
0.98956267
0.32551042
0.24750511
0.09588916
0.84289071
0.48234504
0.25717948
0.57182531
0.74315622
0.32987457
0.34949797
0.51759392
0.46470534
0.57335124
0.31904050
0.37772759
0.80480361
0.24616230
0.44581439
0.14481033
0.03192236
0.21121860
0.36027100
0.31180761
0.87038789
0.65950499
0.48905911
0.86068300
0.33243812
0.45970031
0.66756188
0.66231269
0.47856075
0.47758415
0.17566454
0.93450728
0.09543138
0.17908261
0.26023133
0.87994018
0.43772698
0.21231727
0.80169073
0.03814814
0.53636280
0.76241340
0.98764000
0.11371197
0.36136967
0.93279824
0.33664968
0.42277291
0.94329661
0.10516678
0.94714194
0.78624836
0.65492721
0.74956511
0.96346934
0.24698630
0.25366985
0.71291238
0.10052797
0.25540941
0.21250038
0.09234901
0.41654714
0.35010834
0.79689932
0.30024110
0.69319742
0.74071474
0.39161351
0.30344554
0.39780877
0.22678304
0.91299173
0.63655507
0.97585986
0.13400678
0.49284341
0.43348491
0.02633747
0.19818720
0.20007935
0.25336467
0.71007416
0.33176672
0.42091128
0.74733726
0.82396924
0.35483871
0.06714072
0.78276925
0.33805353
0.88802759
0.09121982
0.38352611
0.15622425
0.90218818
0.99929807
0.18808557
0.48692282
0.07196265
0.73100986
0.99621570
0.29151280
0.99221778
0.24774926
0.20999786
0.83812983
0.55449080
0.70662557
0.45658742
0.89446699
0.46143986
0.88070315
0.97643971
0.21808527
0.64442885
0.00100711
0.25507370
0.46440016
0.63771477
0.06524857
0.92614521
0.76830348
0.85003204
0.58662679
0.83394879
0.42918180
0.36725974
0.76299326
0.79467147
0.09063997
0.01168859
0.86413160
0.70821253
0.14310129
0.46983245
0.86800745
0.64949492
0.95623646
0.28769799
0.45881527
0.52647481
0.76354259
0.79894406
0.84209723
0.95733512
0.67552721
0.54591510
0.56282235
0.48896756
0.44019898
0.88158818
0.87176122
0.96185186
0.07254250
0.48103275
0.11496323
0.62388989
0.03329569
0.00827052
0.46952727
0.78579058
0.82445753
0.77254555
0.19287698
0.86510819
0.78069399
0.35404523
0.73888363
0.45573290
0.49678030
0.54795984
0.61699271
0.76506851
0.36298715
0.00479141
0.93734550
0.92507706
0.98300119
0.06799524
0.07040620
0.83025605
0.34089175
0.68175298
0.53126621
0.22968230
0.51853999
0.49137852
0.76207770
0.27451399
0.02755821
0.83269753
0.05081332
0.37592700
0.37699515
0.26728111
0.76030763
0.47752312
0.73137608
0.42490921
0.66685995
0.04913480
0.26316111
0.27585681
0.63609729
0.80202643
0.72576067
0.07235939
0.52897732
0.58745079
0.31876583
0.03811762
0.33738212
0.94030580
0.74474319
0.76870022
0.88546403
0.77129429
0.41547899
0.00280770
0.54936369
0.27707755
0.94085513
0.70265816
0.68486587
0.89193396
0.91525010
0.73836482
0.96520890
0.01730399
0.29129917
0.05890072
0.30155339
0.64323862
0.04132206
0.72399060
0.38834803
0.24378185
0.85372478
0.46678060
0.27198096
0.33735160
0.13196203
0.39042329
0.09540086
0.04113895
0.03823969
0.09173864
0.18781091
0.72255623
0.86498611
0.92385632
0.22458571
0.84255501
0.96002075
0.27307962
0.16724143
0.99954222
0.03778191
0.21491134
0.50709555
0.76842555
0.27430036
0.46882534
0.62733848
0.97674490
0.28116703
0.12262337
0.24088260
0.86764122
0.50776696
0.46620075
0.54472488
0.51969970
0.63353374
0.85583056
0.81862850
0.82869961
0.17859432
0.03357036
0.59163182
0.68132572
0.41941588
0.18390454
0.18424024
0.82326731
0.50959807
0.96713157
0.34958953
0.07013153
0.01034577
0.26792199
0.12164678
0.01290933
0.39545885
0.62782678
0.87630848
0.21073031
0.86581011
0.66884365
0.54423658
0.40040284
0.04364147
0.00442518
0.70552690
0.77742851
0.44471572
0.77260659
0.36271249
0.60750145
0.64183477
0.54118473
0.65446944
0.59904782
0.53782769
0.53038118
0.12652974
0.92037721
0.71953490
0.28641621
0.31339457
0.62587359
0.21433149
0.53410443
0.79577013
0.52433851
0.77871029
0.99206519
0.66478469
0.26761681
0.39121677
0.41685232
0.40418714
0.48048341
0.57161168
0.02346873
0.97070223
0.54121525
0.49345378
0.58146916
0.18396558
0.28315073
0.30713828
0.56410413
0.94943083
0.26294748
0.56740013
0.63899655
0.02053896
0.48860134
0.11181982
0.68916898
0.91946165
0.38248848
0.54991302
0.52088992
0.93240150
0.97158727
0.31812494
0.20200201
0.45667898
0.74617756
0.90752892
0.83312479
0.22168645
0.34815516
0.73104038
0.61607715
0.61049226
0.95617542
0.17279580
0.50627155
0.28150273
0.67629017
0.50764489
0.44911039
0.31058687
0.35999634
0.73503830
0.75572985
0.46754357
0.01974548
0.37513352
0.97091586
0.19153417
0.69090854
0.23783074
0.48524430
0.91421247
0.15604114
0.87878048
0.63634144
0.29606006
0.35447249
0.76049074
0.60771508
0.19049654
0.06274606
0.99768059
0.03509629
0.52244636
0.09942930
0.33164464
0.15460677
0.69234291
0.41276284
0.74291208
0.99438459
0.67641224
0.39332255
0.63762322
0.83449812
0.68819239
0.54213080
0.90624714
0.20917386
0.96920682
0.33396405
0.13846248
0.64809107
0.79393902
0.70445875
0.15128025
0.74669637
0.00180059
0.92678610
0.40653706
0.92931913
0.05578784
0.16119877
0.87795648
0.86693930
0.71004364
0.06360057
0.14706870
0.17535936
0.71852779
0.55269021
0.21164586
0.75197607
0.35966063
0.11737419
0.90444655
0.30133976
0.83483383
0.04361095
0.35132908
0.27170629
0.78011414
0.46717734
0.94494461
0.87551500
0.87542344
0.41779839
0.29398480
0.33634449
0.50120548
0.79982910
0.96514786
0.18762780
0.70729698
0.82750938
0.88378552
0.92287973
0.74007385
0.43012787
0.58198798
0.67323832
0.19040498
0.64455092
0.90356151
0.03906369
0.07339702
0.81557665
0.51853999
0.15265358
0.93813898
0.43177587
0.10852382
0.19940794
0.71620838
0.33198035
0.79091769
